1189
2654
1936
3191
2716
1345
3334
1703
2325
2540
3131
3533
0992
3313
2579
1031
1642
3591
3562
2615
3881
2658
3304
3283
4088
3871
1039
3537
0156
0224
3669
1350
2359
0923
1951
2002
2133
1207
0670
3124
2186
3723
0484
1177
3390
0199
2100
2474
0782
0600
1670
2275
1150
0814
3576
0113
1723
0614
2354
0396
2048
2555
2415
3298
0585
2502
1685
0969
1121
0991
3671
2854
2790
0731
3093
2768
1677
0772
1667
3631
3457
1792
2430
3844
1011
2483
0797
1238
3183
2761
1305
1691
0589
2584
2641
2777
2986
3457
3950
2176
3045
1475
0033
0594
3732
3581
3403
2111
3680
1171
0614
1102
0494
3747
1809
1235
0503
1180
0741
2834
2208
0650
0502
0473
3600
0628
0279
3169
2509
3339
0029
2962
0947
3491
0717
1901
1629
3265
2736
2087
0401
3548
0446
3242
1100
3001
2213
3036
2528
0672
0582
0889
2708
0999
3161
3693
1309
1887
3757
1697
3402
2179
1274
0514
1808
1005
1762
2575
2670
2899
1325
3195
2072
3911
0973
2478
2361
4001
3643
3003
0255
0449
1119
0282
2503
0703
1953
1489
3248
2438
0417
3962
3651
2075
3217
1341
0039
3077
1310
0371
0899
3348
3762
0175
0567
3316
2741
0031
2376
3827
2023
0014
1514
3369
0695
2419
1118
0223
1851
0009
2594
2714
0246
2342
0537
3560
0310
1647
2606
0390
2530
2132
0552
3437
1648
3770
1870
2910
3008
0026
3187
2012
3316
2314
0597
0993
1712
0765
1131
2839
2857
1096
2425
1118
2391
3757
1469
3676
1425
0223
0918
2953
1243
0187
1040
0579
2638
3775
1404
0867
0838
2725
0498
1359
2193
1412
0025
3181
0613
0016
3265
0587
0115
0705
2932
0449
2668
1462
1961
0573
3603
1307
3701
2598
3045
1099
2332
1594
2628
0314
0820
2437
3872
3763
2131
0470
2070
1671
1457
1197
0306
3058
3834
0610
1535
3184
0842
1486
3648
4094
1152
2731
3633
0077
1141
0286
0920
1889
1385
0237
0975
3346
2402
0263
3460
1403
1822
0970
1509
2522
1981
1867
0878
0851
0194
3523
3272
3092
3775
0912
0735
0983
0991
1980
0004
1473
4063
1935
0072
1960
1913
2487
0639
3114
3863
1112
3272
2391
2301
0696
1617
3514
0948
3602
1428
0690
0967
2051
0894
0337
3816
0806
1330
2904
0182
0462
0707
3352
2975
0707
1593
4061
2287
2014
1993
1899
2422
0936
2568
0882
0536
1722
3381
3042
1112
0381
3750
1351
2261
0668
2781
1501
3652
3564
0623
3674
2607
3421
0949
2765
4092
1032
4026
0472
2206
3261
2369
3336
3551
0157
3865
3627
3805
1247
0990
0286
2625
3040
2126
3868
3755
2100
0093
3890
3012
1709
0711
3103
0000
2510
1391
1128
2381
0099
3386
0754
4021
0146
3458
3132
0425
0100
1970
0634
1202
1912
1224
1137
0328
1872
1133
1583
1853
1656
2368
0987
0470
2603
3803
1719
0168
2803
1414
0122
0506
0425
2477
3809
1540
0088
2827
2973
0938
1691
1452
2595
3804
3188
1486
3056
3159
1611
2177
1337
1746
0602
3396
0371
3410
0424
2049
3149
2661
0674
0527
1135
2511
3990
3434
3936
1599
2149
2195
3901
0276
3342
0511
3813
2583
2286
3141
2096
3351
0692
4069
0442
0001
0530
3913
1000
1234
0486
3676
3918
1037
0658
3481
3084
2371
1529
1759
2915
2781
1570
0837
1693
2351
2507
1347
0983
0983
3663
3521
3085
3041
2193
3403
3712
0625
1210
1697
3155
2040
1198
1161
2341
3940
0765
2075
2070
3710
1301
1632
1032
3944
0894
1589
2244
2532
0989
3852
1631
2872
1057
0228
1091
1452
2478
3959
0761
1873
0407
0366
0385
0678
0234
0566
2851
2007
1035
2223
0143
2074
1982
3190
1664
1521
3327
0525
4082
0877
1269
2598
2333
2951
2286
1466
0164
0748
0903
1428
0392
0185
0364
3348
3484
0054
1013
1170
1455
3264
1831
2742
0461
1659
2315
3837
2098
2682
1542
2011
2978
0970
0888
1443
2913
0498
1075
0562
2639
1268
1725
1331
2897
2549
1828
2349
3021
0500
1114
0823
1709
1855
2602
2462
3826
3256
4043
2505
2475
3443
1066
3523
2576
0381
2091
0022
2997
3820
3292
2490
0887
1554
0485
2287
1525
3061
4029
2472
2596
0469
0926
0449
1986
3112
3156
2785
2320
2242
0735
2587
1464
3632
2306
2435
0903
0164
1066
2626
0257
3328
3995
2439
4006
3424
0691
2031
3643
0121
1366
1779
2563
3566
3263
3666
3655
3469
2011
2682
2098
0626
2315
3634
3719
1595
1173
4048
2094
1121
1422
0598
1779
2605
1208
0876
0956
2209
1527
0324
1768
2853
3038
3553
1110
3704
3930
1364
0611
1997
2179
2387
2995
2164
0333
2448
2218
0104
3463
3245
2209
1373
0269
2147
2848
1957
0027
1840
3503
0178
3049
2116
0668
0940
3561
1847
4038
3903
2292
0363
1883
3127
1277
0431
4025
3179
2429
3498
0593
2002
0584
0078
1718
0953
0579
1163
3799
0283
3024
3303
3773
3800
1053
3588
1977
1261
0213
3145
0394
1597
3287
3060
2090
0461
1659
3393
1590
2597
